3.79801047932	6.57595618497	2.61395946492	5.57662940237	3.98974249741	-16.554298029
9.76114173459	-0.450359184695	-5.68699912871	-1.27152561621	7.59050091664	-3.94275872161
-0.421912872007	-1.35726153628	-15.4900008599	-0.06937864324	3.70115612292	19.6373977885
1.91626878448	2.51145959283	1.19627111025	-7.13212056249	-0.208008949014	7.71613002395
3.17225503306	-0.63896929339	1.40662719584	-7.80734003861	-3.66117201889	13.528599122
9.83673660352	3.65714226917	-3.55039415886	-6.64916016897	2.85544139048	-0.149765935338
-5.11855121965	2.61047216055	2.37262380216	-1.53551022967	3.19519036187	4.47577512474
1.85067241949	-4.2950841565	3.36367801592	-3.91874882942	1.21540048365	7.78408206686
7.02512113721	-12.2773595167	-4.30783179169	6.19654251937	0.154975488163	9.20855216369
-21.2716093366	-7.07031739442	-0.745834603088	-14.1224506335	29.1013258163	20.1088861514
-0.494108333447	0.744656700024	-0.47513243336	1.24058258879	4.17960028614	0.804401191852
-39.9288999315	-8.92042693611	7.19461986246	-18.9683630453	18.6506298401	47.9724402104
-27.1541544852	-7.46380425494	9.64306501724	-11.8449777734	10.4623150495	32.3575564467
-3.70053927405	-3.7447853956	2.5292781712	-2.202276653	8.40756459468	4.71075855678
17.162914936	12.4930170133	-4.26744569331	-1.25410502048	0.247805370656	-18.3821866062
13.5197473133	1.33895647974	-6.22596191004	6.39808771864	-5.00623061431	-4.02459898734
10.3578364567	-3.81713482594	-8.40126422225	17.7570772642	-15.2962753636	5.39976069089
-1.22786976485	3.39157535045	16.4139240023	7.50841582296	7.20064489443	-27.2866903053
3.68054740496	13.5092896921	2.08914032645	7.00368417108	8.0931039607	-28.3757655553
-5.70749633077	2.28899937414	9.20348675403	15.464819278	5.57898879699	-20.8287978724
5.64514368577	-1.71214840324	1.65222257621	3.46970736525	1.65914579839	-4.71407102238
6.10883074504	-3.98826206843	1.33812498305	0.839657700913	1.12075580368	0.580892835751
11.5076922823	-13.7637403319	-4.14998993754	0.899980685449	-3.68935619499	15.1954134966
5.59412415821	-1.9405053077	-1.64313997067	-2.52408949681	0.984872786838	5.52873783013
7.52867594117	3.79368270234	-3.47802566121	-2.62127490293	-0.910794048906	1.68773596954
-2.30451802246	2.72049591542	19.5346055028	8.07413448459	5.56682386924	-27.5915417496
3.30605763317	7.62698003497	3.42585485333	2.34851819893	3.52179263232	-14.2292033527
-7.23612374967	3.50343796524	11.2808322908	14.7742167713	5.60513897264	-21.9275022503
5.54669870367	-1.42003073928	1.99050663814	3.81909804567	1.70478481639	-5.64105746459
5.62572929529	-3.89774877098	1.51721587942	0.919554000952	1.50115573905	0.334093856264
7.70886252542	-8.00249167903	-2.80818755917	0.145440132532	-2.2869615101	11.2433380904
0.736172280086	1.93519156645	-0.0387668625524	-0.534896812075	0.746543032777	3.15575679531
1.58460956936	1.93389535303	0.227739693345	0.414602562576	0.64035361089	1.1987992108
-5.01326056646	3.10122926724	8.00455833972	-1.19589573828	12.1065197426	-11.0031510448
4.20944733503	-3.32499222929	9.2295952507	4.36643977377	-7.28983859152	-1.19065153868
-6.20008789871	-12.6513498697	1.01145155552	-9.30738827267	15.7089870018	17.4383874837
5.89355015095	-8.42559668683	-13.0967324952	25.0134677996	0.662573713875	-4.04726248235
-11.2660336278	6.85413521993	7.55375419785	1.59500234432	2.74759894505	-1.48445707937
5.84718715742	-0.38707062488	11.4268966665	-12.7542583481	9.91560866673	-8.04836351765
2.04288189389	3.4660578248	10.4927777595	-15.4066744392	2.75246278949	2.65249417153
5.79651019608	3.59858151618	5.31897279812	10.9091701105	-10.2345877473	-9.38864687355
3.0614450646	3.46617080481	9.91759616914	-19.0331165301	13.7650519311	-5.1771474395
0.533712078471	1.86961672713	11.4568550208	-2.99255348351	-6.91872966307	2.05109932018
-3.09973926633	-8.19999866829	3.81825279318	-10.4574306534	7.12178663135	16.8171291635
9.58024701139	-0.47831318904	-11.3267750259	22.6529249766	-11.3253346463	-3.10274912676
-9.64155051838	10.3314300547	5.55554468596	-1.66932225072	-1.33068346156	2.75458148996
-4.01976245517	-6.21280830569	8.20112022264	0.325015143333	13.0034711024	-5.29703570757
-4.85432148936	-4.6962048839	7.46111933354	-0.0295583436909	5.25061719151	2.8683481919
1.29006979655	2.27220607702	2.62186837486	8.32305198718	-6.62354257899	-1.88365365662
4.06498963847	-3.75629922914	5.81920550798	3.41518051261	-0.369216678502	-3.17385975141
13.3359743991	14.1281490625	-7.84400137174	-6.8849147666	-2.02652876495	-4.70867855835
3.76380527623	-0.0661028644562	0.164280219806	9.91068188105	0.960912720001	-8.73357723263
11.9871304858	8.32426390233	-6.49381258006	4.72932033176	-2.36041591312	-10.1864862267
-1.79932007902	6.92218818579	1.8876912533	2.09159272822	-1.94818483836	-1.15396724993
-1.3640093844	-1.02223489075	4.48996782768	1.65894502863	2.07716316043	0.160168258411
-0.254029235663	-1.17304355688	3.1928037475	-1.37881505838	3.56310871407	2.04997538935
2.77041337299	4.58091886171	1.01497267748	-1.65950533714	-0.251983164313	-0.454816410731
1.14412157902	-2.22904060133	7.52450421909	2.7564750513	-0.755483002184	-2.4405772459
13.1084784866	15.1219327232	-6.92524020015	-8.33970095458	-2.02055828631	-4.94491176877
0.148615000161	-0.665213560645	1.3567254421	13.0169598454	0.991372410486	-8.84845913751
7.44488794318	5.72552857761	-5.88887302562	11.7184373567	-3.42217344763	-9.57780740427
-4.55538649534	5.4710244751	1.37359123815	4.47891047181	1.74530006294	-2.51343975266
1.09516331177	-1.45994698852	4.07459142236	0.429975200449	3.83069847465	-1.9704814207
1.37140009237	-2.31009006434	2.71011591242	0.0199447580512	3.512074486	0.696554815486
5.12527146093	-1.57667430405	0.181480759912	5.34839883657	-0.985906992907	-2.09256976045
5.7353476481	-13.9266937516	-11.761123823	20.3519755862	2.79811020895	2.80238413138
0.675699660141	-6.07641321108	-19.1180261904	11.7376100317	1.56047485878	17.2206548509
-5.31149595635	-8.66848561409	-3.05420538389	16.3761159575	-0.869462351054	7.52753334791
-3.50320837664	-9.60088490199	-2.74717835796	9.8262756678	-0.354506039436	12.3795020082
6.84860178881	-8.06040588839	-4.90358845259	2.08982823796	16.245635444	-6.22007112981
-8.87764048487	16.0884331939	4.02582796812	-9.87524078799	10.0315147459	-5.39289463509
-1.47269264846	5.33919210739	2.23153018206	-2.18885332774	1.46611656462	0.624707122127
6.79268264209	-9.66281281337	-2.58159681355	11.5116196003	-6.89190693654	6.83201432108
22.6602001738	-9.15526444168	-4.57860787362	17.1496761267	-1.41310524344	-18.6628987417
11.2852279028	-4.79467509004	-17.0046954767	13.2594585939	1.88781882807	1.36686524195
11.5031806665	-3.38145964274	3.30504974008	13.702839568	-2.86290517455	-16.2667051572
12.1440107751	-4.07354346261	2.83800554219	8.88449542627	-1.25051298024	-12.5424553008
15.6107119298	0.117741671745	0.334443031789	3.02658047056	9.59345194509	-22.682929049
-24.6085673733	9.1097727441	-2.79852585968	3.49852056557	8.19194821707	12.6068517062
-15.3899445905	3.31499006482	-2.95626036306	4.37873449042	2.70877860416	13.9437017941
1.1989156983	-4.77606057491	-2.69302710169	10.5808310737	-8.18999069351	9.87933159808
-7.83462472987	7.91639041189	8.54162252395	12.6693687201	6.08386873465	-21.3766256607
-5.11443660873	9.05385853401	-4.48704809077	15.8171191932	11.7683443328	-21.0378373605
-15.002874919	11.7244436063	3.36690430487	24.9002007508	5.39594911734	-24.3846228603
1.5062590955	18.2532447604	-1.32934723681	11.66152903	6.27214053956	-30.3638261887
-16.231810832	11.0684781085	11.7428146349	5.79820300815	9.53653696319	-15.9142218828
9.88556868925	-9.0892709451	-3.65244645348	0.224205349978	-3.37705257454	12.0089959339
11.6007404418	-4.67027325381	-3.90048031534	-4.65174823411	-2.61255687659	10.234318238
13.5754040239	1.46324104762	-3.3463257262	-9.05619197455	-3.61277235427	6.97664498354
-8.04748564387	2.12080119025	1.22390772194	-14.734591797	-2.10814608448	27.5455146132
4.07868097567	10.638203725	-4.93883194515	-7.91067748982	3.17463661324	0.957988121052
-11.9907249848	9.68361963207	-2.64429731435	3.35409142599	-5.51266011292	13.109971354
8.11242674609	20.0300059165	-6.27729537822	-10.9033967159	-4.77078166698	-0.190958901491
-9.69246410568	10.6105582789	7.54917548487	-8.61671965531	2.30143257352	3.84801742372
10.2973606946	-7.32446263852	5.98198394468	14.2879541891	6.34747252859	-23.5903087184
11.4868705039	-5.467121567	2.8167965291	5.82104963297	6.53775187819	-15.1953469772
9.72143059556	0.740248193481	-2.76852922647	-1.45135852128	2.95869211655	-3.20048315784
2.7334249356	-12.0746766687	11.7913406349	-12.171490099	11.8149581507	3.90644304655
-9.50341896634	-4.90586877279	8.17202512966	8.80437798128	-6.8350923706	10.2679769988
10.2135020154	-21.5448208704	1.75340738629	-15.7341966846	2.41027659309	28.9018315602
22.2910204735	-12.4105535932	-3.92809750659	10.3554898513	-13.0113103117	2.70345108677
-0.501458015541	-1.11669964163	9.129452733	6.98064681895	-4.01680766581	-4.47513422897
-5.63693321901	9.68511485987	6.67959949406	-2.67657183805	14.4666639595	-16.5178732564
-10.3887217029	10.1718475515	2.39994570101	-10.4582370982	6.75405370576	7.52111184285
-3.0577328969	4.70620988188	-2.72440981119	2.4717377551	-2.67223478361	7.27642985472
1.17908526468	-7.23648697299	17.6852416386	-17.9903556259	18.3343586479	-5.97184295241
-6.41548413796	-2.62670413975	14.9663467876	1.79709934723	-6.06216478494	4.34090692778
-10.797250567	-13.7221085972	7.27287209668	-6.61675179149	0.00620102813588	29.8570378309
4.02482012774	0.84316037698	-1.13311680116	7.78655594322	-15.1826153118	9.66119566503
-12.0269330655	5.98570310673	15.2418302431	-2.89895864243	-6.69508330323	6.39344166137
-1.97087791729	0.837742383506	2.01329492601	4.46111180473	9.18012509501	-8.52139629196
-4.60059483912	-1.19281598897	-1.18837841979	-1.81076968656	5.59029524791	9.20226368654
-6.21844372915	1.24684934509	-3.838897942	7.24143407779	-0.153814286487	7.72287253475
3.19806864815	-3.16107132389	1.91166620232	4.68016425502	1.61677732531	-2.24560510692
9.42029248986	5.3544532103	-10.5751938904	2.10804810698	7.14083731516	-7.44843723189
5.70101816397	2.36485909783	-4.12629355289	2.01492684469	5.40309159035	-5.35760214395
25.1595461725	11.4201561893	-4.76744321102	-24.1188304828	3.19406357964	-4.88749224761
18.3321427175	11.0747880024	3.04344641327	-24.664809285	3.49336291067	-5.27893075875
-3.08492104933	4.30897796343	-0.371447570338	5.39922915625	-3.61955445204	3.36771595204
-5.55494116713	4.1685771927	0.242792923976	4.72615531053	-4.20722450451	6.62464024443
1.67937507319	4.55000603719	0.0401657250179	-0.531742874	-4.402061609	4.6642576476
1.92361125622	-6.2719258884	-5.4057497027	5.96914276922	-1.98312092367	11.7680424893
7.11611556068	6.07461169998	-12.8665321016	2.7298821736	2.19482387954	0.751098787799
9.73074803534	-0.188140067027	-10.2793674369	10.185257234	0.385043090027	-3.83354085548
32.3844156724	10.3381174199	-8.35686484733	-20.9716671483	-0.370781653595	-7.02321944302
23.7175407406	10.1817040939	-1.55472498838	-20.3925938382	-0.322171683438	-5.62975432446
-3.43615979502	4.84557657027	5.48297959075	3.06326435308	0.963523230651	-4.91918394972
-4.81362945722	2.386464392	4.69665913175	0.809477678223	2.48929911802	0.431729137229
0.246055238524	4.81830567371	1.0211869989	-4.79807643954	1.43018276384	3.28234576456
